/*--------------------------------*- C++ -*----------------------------------*\
  =========                 |
  \\      /  F ield         | OpenFOAM: The Open Source CFD Toolbox
   \\    /   O peration     | Website:  https://openfoam.org
    \\  /    A nd           | Version:  9
     \\/     M anipulation  |
\*---------------------------------------------------------------------------*/
FoamFile
{
    format      ascii;
    class       volScalarField;
    location    "86400";
    object      rDeltaT;
}
// * * * * * * * * * * * * * * * * * * * * * * * * * * * * * * * * * * * * * //

dimensions      [0 0 -1 0 0 0 0];

internalField   nonuniform List<scalar> 
15450
(
100
100
100
100
100
100
100
100
100
100
100
100
100
100
100
100
100
100
100
100
100
100
100
100
100
100
100
100
100
100
100
100
100
100
109.06
109.186
109.186
100
100
100
100
100
100
100
100
100
100
100
100
100
100
100
100
100
100
100
100
100
100
100
100
100
100
100
100
100
100
100
100
100.253
100
106.73
107.132
100
113.827
117.01
100
100
100
100
100
100
100
100
100
100
100
100
100
100
100
100
100
100
100
100
100
100
100
100
100
100
100
100
100
100
100
100
100
102.84
103.26
100
100
106.555
100
100
100
100
100
100
100
100
100
100
100
100
100
100
100
100
100
100
100
100
100
100
100
100
100
100
100
100
100
100
100
100
100
100
100
100
100
100
100
100
100
100
100
100
100
100
100
100
100
100
100
100
100
100
100
100
100
100
100
100
100
100
100
100
100
100
100
100
100
100
100
100
100
100
100
100
100
100
100
100
100
100
100
100
100
100
100
100
100
100
100
100
100
100
100
100
100
100
100
100
100
100
100
100
100
100
100
100
100
100
100
100
100
100
100
100
100
100
100
100
100
100
100
100
100
100
100
100
100
100
100
100
100
100
100
100
100
100
100
100
100
100
100
100
100
100
100
100
100
100
100
100
100
100
100
100
100
100
100
100
100
100
100
100
100
100
100
100
100
100
100
100
100
100
100
100
100
100
100
100
100
100
100
100
100
100
100
100
100
100
100
100
100
100
100
100
100
100
100
100
100
100
100
100
100
100
100
100
100
100
100
100
100
100
100
100
100
100
100
100
100
100
100
100
100
100
100
100
100
100
100
100
100
100
100
100
100
100
100
100
100
100
100
100
100
100
100
100
100
100
100
100
100
100
100
100
100
100
100
100
100
100
100
100
100
100
100
100
100
100
100
100
100
100
100
100
100
100
100
100
100
100
100
100
100
100
100
100
100
100
100
100
100
100
100
100
100
100
100
100
100
100
100
100
100
100
100
100
100
100
100
100
100
100
100
100
100
100
100
100
100
100
100
100
100
100
100
100
100
100
100
100
100
100
100
100
100
100
100
100
100
100
100
100
100
100
100
100
100
100
100
100
100
100
100
100
100
100
100
100
100
100
100
100
100
100
100
100
100
100
100
100
100
100
100
100
100
100
100
100
100
100
100
100
100
100
100
100
100
100
100
100
100
100
100
100
100
100
100
100
100
100
100
100
100
100
100
100
100
100
100
100
100
100
100
100
100
100
100
100
100
100
100
100
100
100
100
100
100
100
100
100
100
100
100
100
100
100
100
100
100
100
100
100
100
100
100
100
100
100
100
100
100
100
100
100
100
100
100
100
100
100
100
100
100
100
100
100
100
100
100
100
100
100
100
100
100
100
100
100
100
100
100
100
100
100
100
100
100
100
100
100
100
100
100
100
100
100
100
100
100
100
100
100
100
100
100
100
100
100
100
100
100
100
100
100
100
100
100
100
100
100
100
100
100
100
100
100
100
100
100
100
100
100
100
100
100
100
100
100
100
100
100
100
100
100
100
100
100
100
100
100
100
100
100
100
100
100
100
100
100
100
100
100
100
100
100
100
100
100
100
100
100
100
100
100
100
100
100
100
100
100
100
100
100
100
100
100
100
100
100
100
100
100
100
100
100
100
100
100
100
100
100
100
100
100
100
100
100
100
100
100
100
100
100
100
100
100
100
100
100
100
100
100
100
100
100
100
100
100
100
100
100
100
100
100
100
100
100
100
100
100
100
100
100
100
100
100
100
100
100
100
100
100
100
100
100
100
100
100
100
100
100
100
100
100
100
100
100
100
100
100
100
100
100
100
100
100
100
100
100
100
100
100
100
100
100
100
100
100
100
100
100
100
100
100
100
100
100
100
100
100
100
100
100
100
100
100
100
100
100
100
100
100
100
100
100
100
100
100
100
100
100
100
100
100
100
100
100
100
100
100
100
100
100
100
100
100
100
100
100
100
100
100
100
100
100
100
100
100
100
100
100
100
100
100
100
100
100
100
100
100
100
100
100
100
100
100
100
100
100
100
100
100
100
100
100
100
100
100
100
100
100
100
100
100
100
100
100
100
100
100
100
100
100
100
100
100
100
100
100
100
100
100
100
100
100
100
100
100
100
100
100
100
100
100
100
100
100
100
100
100
100
100
100
100
100
100
100
100
100
100
100
100
100
100
100
100
100
100
100
100
100
100
100
100
100
100
100
100
100
100
100
100
100
100
100
100
100
100
100
100
100
100
100
100
100
100
100
100
100
100
100
100
100
100
100
100
100
100
100
100
100
100
100
100
100
100
100
100
100
100
100
100
100
100
100
100
100
100
100
100
100
100
100
100
100
100
100
100
100
100
100
100
100
100
100
100
100
100
100
100
100
100
100
100
100
100
100
100
100
100
100
100
100
100
100
100
100
100
100
100
100
100
100
100
100
100
100
100
100
100
100
100
100
100
100
100
100
100
100
100
100
100
100
100
100
100
100
100
100
100
100
100
100
100
100
100
100
100
100
100
100
100
100
100
100
100
100
100
100
100
100
100
100
100
100
100
100
100
100
100
100
100
100
100
100
100
100
100
100
100
100
100
100
100
100
100
100
100
100
100
100
100
100
100
100
100
100
100
100
100
100
100
100
100
100
100
100
100
100
100
100
100
100
100
100
100
100
100
100
100
100
100
100
100
100
100
100
100
100
100
100
100
100
100
100
100
100
100
100
100
100
100
100
100
100
100
100
100
100
100
100
100
100
100
100
100
100
100
100
100
100
100
100
100
100
100
100
100
100
100
100
100
100
100
100
100
100
100
100
100
100
100
100
100
100
100
100
100
100
100
100
100
100
100
100
100
100
100
100
100
100
100
100
100
100
100
100
100
100
100
100
100
100
100
100
100
100
100
100
100
100
100
100
100
100
100
100
100
100
100
100
100
100
100
100
100
100
100
100
100
100
100
100
100
100
100
100
100
100
100
100
100
100
100
100
100
100
100
100
100
100
100
100
100
100
100
100
100
100
100
100
100
100
100
100
100
100
100
100
100
100
100
100
100
100
100
100
100
100
100
100
100
100
100
100
100
100
100
100
100
100
100
100
100
100
100
100
100
100
100
100
100
100
100
100
100
100
100
100
100
100
100
100
100
100
100
100
100
100
100
100
100
100
100
100
100
100
100
100
100
100
100
100
100
100
100
100
100
100
100
100
100
100
100
100
100
100
100
100
100
100
100
100
100
100
100
100
100
100
100
100
100
100
100
100
100
100
100
100
100
100
100
100
100
100
100
100
100
100
100
100
100
100
100
100
100
100
100
100
100
100
100
100
100
100
100
100
100
100
100
100
100
100
100
100
100
100
100
100
100
100
100
100
100
100
100
100
100
100
100
100
100
100
100
100
100
100
100
100
100
100
100
100
100
100
100
100
100
100
100
100
100
100
100
100
100
100
100
100
100
100
100
100
100
100
100
100
100
100
100
100
100
100
100
100
100
100
100
100
100
100
100
100
100
100
100
100
100
100
100
100
100
100
100
100
100
100
100
100
100
100
100
100
100
100
100
100
100
100
100
100
100
100
100
100
100
100
100
100
100
100
100
100
100
100
100
100
100
100
100
100
100
100
100
100
100
100
100
100
100
100
100
100
100
100
100
100
100
100
100
100
100
100
100
100
100
100
100
100
100
100
100
100
100
100
100
100
100
100
100
100
100
100
100
100
100
100
100
100
100
100
100
100
100
100
100
100
100
100
100
100
100
100
100
100
100
100
100
100
100
100
100
100
100
100
100
100
100
100
100
100
100
100
100
100
100
100
100
100
100
100
100
100
100
100
100
100
100
100
100
100
100
100
100
100
100
100
100
100
100
100
100
100
100
100
100
100
100
100
100
100
100
100
100
100
100
100
100
100
100
100
100
100
100
100
100
100
100
100
100
100
100
100
100
100
100
100
100
100
100
100
100
100
100
100
100
100
100
100
100
100
100
100
100
100
100
100
100
100
100
100
100
100
100
100
100
100
100
100
100
100
100
100
100
100
100
100
100
100
100
100
100
100
100
100
100
100
100
100
100
100
100
100
100
100
100
100
100
100
100
100
100
100
100
100
100
100
100
100
100
100
100
100
100
100
100
100
100
100
100
100
100
100
100
100
100
100
100
100
100
100
100
100
100
100
100
100
100
100
100
100
100
100
100
100
100
100
100
100
100
100
100
100
100
100
100
100
100
100
100
100
100
100
100
100
100
100
100
100
100
100
100
100
100
100
100
100
100
100
100
100
100
100
100
100
100
100
100
100
100
100
100
100
100
100
100
100
100
100
100
100
100
100
100
100
100
100
100
100
100
100
100
100
100
100
100
100
100
100
100
100
100
100
100
100
100
100
100
100
100
100
100
100
100
100
100
100
100
100
100
100
100
100
100
100
100
100
100
100
100
100
100
100
100
100
100
100
100
100
100
100
100
100
100
100
100
100
100
100
100
100
100
100
100
100
100
100
100
100
100
100
100
100
100
100
100
100
100
100
100
100
100
100
100
100
100
100
100
100
100
100
100
100
100
100
100
100
100
100
100
100
100
100
100
100
100
100
100
100
100
100
100
100
100
100
100
100
100
100
100
100
100
100
100
100
100
100
100
100
100
100
100
100
100
100
100
100
100
100
100
100
100
100
100
100
100
100
100
100
100
100
100
100
100
100
100
100
100
100
100
100
100
100
100
100
100
100
100
100
100
100
100
100
100
100
100
100
100
100
100
100
100
100
100
100
100
100
100
100
100
100
100
100
100
100
100
100
100
100
100
100
100
100
100
100
100
100
100
100
100
100
100
100
100
100
100
100
100
100
100
100
100
100
100
100
100
100
100
100
100
100
100
100
100
100
100
100
100
100
100
100
100
100
100
100
100
100
100
100
100
100
100
100
100
100
100
100
100
100
100
100
100
100
100
100
100
100
100
100
100
100
100
100
100
100
100
100
100
100
100
100
100
100
100
100
100
100
100
100
100
100
100
100
100
100
100
100
100
100
100
100
100
100
100
100
100
100
100
100
100
100
100
100
100
100
100
100
100
100
100
100
100
100
100
100
100
100
100
100
100
100
100
100
100
100
100
100
100
100
100
100
100
100
100
100
100
100
100
100
100
100
100
100
100
100
100
100
100
100
100
100
100
100
100
100
100
100
100
100
100
100
100
100
100
100
100
100
100
100
100
100
100
100
100
100
100
100
100
100
100
100
100
100
100
100
100
100
100
100
100
100
100
100
100
100
100
100
100
100
100
100
100
100
100
100
100
100
100
100
100
100
100
100
100
100
100
100
100
100
100
100
100
100
100
100
100
100
100
100
100
100
100
100
100
100
100
100
100
100
100
100
100
100
100
100
100
100
100
100
100
100
100
100
100
100
100
100
100
100
100
100
100
100
100
100
100
100
100
100
100
100
100
100
100
100
100
100
100
100
100
100
100
100
100
100
100
100
100
100
100
100
100
100
100
100
100
100
100
100
100
100
100
100
100
100
100
100
100
100
100
100
100
100
100
100
100
100
100
100
100
100
100
100
100
100
100
100
100
100
100
100
100
100
100
100
100
100
100
100
100
100
100
100
100
100
100
100
100
100
100
100
100
100
100
100
100
100
100
100
100
100
100
100
100
100
100
100
100
100
100
100
100
100
100
100
100
100
100
100
100
100
100
100
100
100
100
100
100
100
100
100
100
100
100
100
100
100
100
100
100
100
100
100
100
100
100
100
100
100
100
100
100
100
100
100
100
100
100
100
100
100
100
100
100
100
100
100
100
100
100
100
100
100
100
100
100
100
100
100
100
100
100
100
100
100
100
100
100
100
100
100
100
100
100
100
100
100
100
100
100
100
100
100
100
100
100
100
100
100
100
100
100
100
100
100
100
100
100
100
100
100
100
100
100
100
100
100
100
100
100
100
100
100
100
100
100
100
100
100
100
100
100
100
100
100
100
100
100
100
100
100
100
100
100
100
100
100
100
100
100
100
100
100
100
100
100
100
100
100
100
100
100
100
100
100
100
100
100
100
100
100
100
100
100
100
100
100
100
100
100
100
100
100
100
100
100
100
100
100
100
100
100
100
100
100
100
100
100
100
100
100
100
100
100
100
100
100
100
100
100
100
100
100
100
100
100
100
100
100
100
100
100
100
100
100
100
100
100
100
100
100
100
100
100
100
100
100
100
100
100
100
100
100
100
100
100
100
100
100
100
100
100
100
100
100
100
100
100
100
100
100
100
100
100
100
100
100
100
100
100
100
100
100
100
100
100
100
100
100
100
100
100
100
100
100
100
100
100
100
100
100
100
100
100
100
100
100
100
100
100
100
100
100
100
100
100
100
100
100
100
100
100
100
100
100
100
100
100
100
100
100
100
100
100
100
100
100
100
100
100
100
100
100
100
100
100
100
100
100
100
100
100
100
100
100
100
100
100
100
100
100
100
100
100
100
100
100
100
100
100
100
100
100
100
100
100
100
100
100
100
100
100
100
100
100
100
100
100
100
100
100
100
100
100
100
100
100
100
100
100
100
100
100
100
100
100
100
100
100
100
100
100
100
100
100
100
100
100
100
100
100
100
100
100
100
100
100
100
100
100
100
100
100
100
100
100
100
100
100
100
100
100
100
100
100
100
100
100
100
100
100
100
100
100
100
100
100
100
100
100
100
100
100
100
100
100
100
100
100
100
100
100
100
100
100
100
100
100
100
100
100
100
100
100
100
100
100
100
100
100
100
100
100
100
100
100
100
100
100
100
100
100
100
100
100
100
100
100
100
100
100
100
100
100
100
100
100
100
100
100
100
100
100
100
100
100
100
100
100
100
100
100
100
100
100
100
100
100
100
100
100
100
100
100
100
100
100
100
100
100
100
100
100
100
100
100
100
100
100
100
100
100
100
100
100
100
100
100
100
100
100
100
100
100
100
100
100
100
100
100
100
100
100
100
100
100
100
100
100
100
100
100
100
100
100
100
100
100
100
100
100
100
100
100
100
100
100
100
100
100
100
100
100
100
100
100
100
100
100
100
100
100
100
100
100
100
100
100
100
100
100
100
100
100
100
100
100
100
100
100
100
100
100
100
100
100
100
100
100
100
100
100
100
100
100
100
100
100
100
100
100
100
100
100
100
100
100
100
100
100
100
100
100
100
100
100
100
100
100
100
100
100
100
100
100
100
100
100
100
100
100
100
100
100
100
100
100
100
100
100
100
100
100
100
100
100
100
100
100
100
100
100
100
100
100
100
100
100
100
100
100
100
100
100
100
100
100
100
100
100
100
100
100
100
100
100
100
100
100
100
100
100
100
100
100
100
100
100
100
100
100
100
100
100
100
100
100
100
100
100
100
100
100
100
100
100
100
100
100
100
100
100
100
100
100
100
100
100
100
100
100
100
100
100
100
100
100
100
100
100
100
100
100
100
100
100
100
100
100
100
100
100
100
100
100
100
100
100
100
100
100
100
100
100
100
100
100
100
100
100
100
100
100
100
100
100
100
100
100
100
100
100
100
100
100
100
100
100
100
100
100
100
100
100
100
100
100
100
100
100
100
100
100
100
100
100
100
100
100
100
100
100
100
100
100
100
100
100
100
100
100
100
100
100
100
100
100
100
100
100
100
100
100
100
100
100
100
100
100
100
100
100
100
100
100
100
100
100
100
100
100
100
100
100
100
100
100
100
100
100
100
100
100
100
100
100
100
100
100
100
100
100
100
100
100
100
100
100
100
100
100
100
100
100
100
100
100
100
100
100
100
100
100
100
100
100
100
100
100
100
100
100
100
100
100
100
100
100
100
100
100
100
100
100
100
100
100
100
100
100
100
100
100
100
100
100
100
100
100
100
100
100
100
100
100
100
100
100
100
100
100
100
100
100
100
100
100
100
100
100
100
100
100
100
100
100
100
100
100
100
100
100
100
100
100
100
100
100
100
100
100
100
100
100
100
100
100
100
100
100
100
100
100
100
100
100
100
100
100
100
100
100
100
100
100
100
100
100
100
100
100
100
100
100
100
100
100
100
100
106.359
107.048
102.282
100
100
100
100
101.165
112.172
100
100
100
100
100
100
100
100
100
100
100
100
100
100
100
100
100
100
100
100
100
100
100
100
100
100
100
100
113.233
124.616
126.472
121.479
110.199
100
100
111.288
131.981
141.149
100
100
100
100
100
100
100
100
100
100
100
100
100
100
100
100
100
100
107.394
109.127
103.59
100
100
100
103.002
123.762
132.236
124.796
132.417
147.38
150.088
145.281
133.666
112.574
118.511
152.927
170.266
174.355
100
100
100
100
100
100
100
100
100
100
100
100
100
100
102.925
111.158
107.367
119.22
134.305
135.081
128.353
117.676
100
124.036
156.144
170.653
172.209
156.946
157.584
172.896
174.172
170.14
160.973
137.404
169.925
200.365
210.166
208.158
100
100
100
100
100
100
100
100
103.48
104.401
100
100
129.178
148.533
159
159.99
146.107
151.804
164.991
162.828
155.985
146.77
156.072
193.82
214.378
218.922
213.116
185.279
188.543
199.528
198.136
194.525
188.474
178.869
221.646
241.241
243.404
236.956
100
114.318
131.482
139.3
136.244
130.355
122.181
141.677
158.214
163.674
180.533
206.599
213.173
213.98
213.618
207.474
176.226
192.149
202.566
200.879
194.299
208.617
239.809
252.27
254.808
252.799
243.331
200.692
217.179
223.536
221.785
218.988
219.482
238.431
255.593
259.581
257.501
251.549
100
100
108.731
109.272
107.023
107.865
100.042
102.694
100
100
100
100
100
100
100
100
100
100
100
100
100
100
100
100
100
100
100
100
100
100
100
100
100
100
100
100
100
100
100
100
100
100
100
100
100
100
100
100
100
100
100
100
100
100
100
100
100
100
100
100
100
100
100
100
100
100
100
100
100
100
100
100
100
100
100
100
100
100
100
100
100
100
100
100
100
100
100
100
100
100
100
100
100
100
100
100
100
100
100
100
100
100
100
100
100
100
100
100
100
100
100
100
100
100
100
100
100
100
100
100
100
100
100
100
100
100
100
100
100
100
100
100
100
100
100
100
100
100
100
100
100
100
100
100
100
100
100
100
100
100
100
100
100
100
100
100
100
100
100
100
100
100
100
100
100
100
100
100
100
100
100
100
100
100
100
100
100
100
100
100
100
100
100
103.575
112.068
115.206
137.457
129.932
165.898
148.755
194.291
173.023
215.283
200.129
215.162
218.039
100
100
100
101.259
109.587
113.151
113.151
106.059
100
102.474
128.812
142.717
142.717
132.403
112.161
104.682
119.796
126.214
126.214
118.117
106.323
107.622
116.031
117.578
117.578
109.972
103.315
112.721
120.707
120.707
117.041
105.994
106.787
125.698
136.519
136.519
128.045
110.635
107.15
121.309
127.019
127.019
119.432
108.284
111.96
120.695
122.71
122.71
115.113
106.997
113.417
122.304
122.682
122.681
114.176
106.652
112.294
117.576
117.575
116.988
110.945
106.706
109.935
112.464
112.464
111.946
109.075
106.281
108.296
111.177
105.46
102.875
104.135
108.175
110.583
108.271
111.798
121.41
118.982
118.378
128.051
122.011
118.42
138.262
135.643
123.2
124.797
117.165
118.844
127.607
125.845
123.933
122.35
116.058
122.117
126.273
121.895
125.684
122.048
118.037
129.084
130.05
126.981
132.232
125.005
122.658
138.028
136.837
128.662
130.994
122.889
124.765
132.505
129.382
127.924
126.773
120.981
126.564
130.724
126.428
127.359
125.252
118.199
126.327
129.447
125.504
125.639
122.278
117.964
124.007
125.341
122.512
122.06
119.833
117.821
120.535
121.66
119.997
119.313
118.791
107.098
106.301
106.701
107.984
108.511
107.048
105.691
113.489
118.279
118.482
125.91
118.287
104.182
118.094
125.437
122.087
121.697
116.807
112.842
119.962
121.834
120.182
120.117
117.092
118.298
122.082
121.311
123.471
121.081
116.876
123.016
127.039
125.387
129.513
123.582
115.348
126.356
130.668
125.957
127.375
121.958
119.334
126.318
127.899
125.308
125.197
121.059
122.071
126.602
126.879
125.504
124.003
119.75
122.319
125.344
125.172
123.384
121.827
119.046
121.637
123.021
122.447
121.019
119.605
118.628
119.772
120.419
120.064
118.584
117.098
103.99
104.777
105.698
106.587
107.249
106.548
105.252
106.721
110.357
113.011
117.981
114.507
106.46
106.569
113.515
115.272
115.306
114.231
111.675
113.935
115.948
116.096
117.171
116.146
115.526
117.344
118.04
119.559
119.003
117.43
118.12
120.565
120.989
123.568
121.036
115.881
119.017
122.679
122.194
122.489
120.43
117.852
120.798
122.655
121.475
122.115
120.246
119.065
121.827
122.778
121.597
121.327
119.348
119.59
121.391
121.804
120.567
119.807
118.638
119.491
120.152
120.172
119.415
118.4
117.921
118.085
118.236
118.053
117.244
115.68
101.221
102.543
103.594
104.538
105.386
105.493
105.208
105.029
106.155
108.92
111.807
111.107
107.421
103.953
106.601
108.813
110.527
111.234
110.781
110.684
112.061
113.226
114.226
114.214
114.014
114.261
115.287
116.474
116.661
116.214
115.79
116.504
117.64
119.014
118.349
116.103
115.376
117.397
117.964
118.369
118.006
117.018
117.236
118.416
118.446
118.621
118.059
117.087
118.285
118.991
118.596
118.191
117.402
117.501
118.324
118.613
118.339
117.676
117.287
117.51
117.714
117.664
117.34
116.857
116.444
116.213
116.011
115.709
115.204
114.399
100
100.119
101.257
102.165
102.914
103.432
103.753
104.053
104.722
106.097
107.601
107.95
106.606
104.914
104.641
105.918
107.577
108.455
108.821
109.073
109.738
110.686
111.472
111.832
112.053
112.345
112.981
113.695
114.021
114.061
114.049
114.274
114.896
115.52
115.465
114.565
113.628
113.968
114.582
115.174
115.274
115.016
114.783
115.105
115.301
115.46
115.372
114.963
115.342
115.734
115.721
115.364
115.093
115.259
115.601
115.732
115.635
115.392
115.2
115.19
115.181
115.054
114.815
114.517
114.225
113.937
113.618
113.254
112.823
112.294
100
100
100
100
100.734
101.378
101.926
102.449
103.061
103.856
104.721
105.193
104.911
104.294
104.102
104.559
105.427
106.196
106.707
107.15
107.698
108.336
108.938
109.392
109.749
110.102
110.535
110.988
111.317
111.521
111.686
111.903
112.213
112.503
112.563
112.24
111.813
111.708
111.966
112.302
112.441
112.404
112.314
112.297
112.397
112.482
112.444
112.251
112.447
112.678
112.729
112.644
112.565
112.624
112.769
112.824
112.762
112.635
112.523
112.454
112.375
112.234
112.032
111.795
111.554
111.296
110.992
110.64
110.252
109.833
100
100
100
100
100
100
100
100.545
101.124
101.706
102.256
102.653
102.783
102.732
102.781
103.064
103.536
104.065
104.55
105.005
105.489
105.993
106.474
106.897
107.27
107.623
107.981
108.322
108.605
108.829
109.026
109.219
109.407
109.564
109.621
109.525
109.359
109.281
109.339
109.46
109.536
109.536
109.489
109.449
109.432
109.416
109.344
109.23
109.387
109.543
109.612
109.612
109.608
109.647
109.708
109.729
109.689
109.609
109.526
109.449
109.356
109.223
109.05
108.849
108.636
108.407
108.143
107.841
107.509
107.161
100
100
100
100
100
100
100
100
100
100
100.046
100.402
100.647
100.813
100.998
101.262
101.599
101.98
102.371
102.768
103.178
103.593
103.991
104.358
104.696
105.014
105.319
105.599
105.839
106.04
106.217
106.377
106.514
106.611
106.65
106.619
106.55
106.5
106.493
106.507
106.511
106.483
106.427
106.361
106.288
106.203
106.086
106.012
106.146
106.269
106.348
106.386
106.412
106.448
106.482
106.492
106.465
106.411
106.344
106.271
106.182
106.066
105.92
105.75
105.565
105.365
105.142
104.892
104.62
104.336
100
100
100
100
100
100
100
100
100
100
100
100
100
100
100
100
100
100
100.138
100.463
100.799
101.136
101.462
101.769
102.055
102.324
102.576
102.805
103.003
103.17
103.313
103.435
103.531
103.592
103.613
103.591
103.544
103.495
103.454
103.414
103.364
103.295
103.207
103.106
102.99
102.855
102.694
102.654
102.781
102.893
102.978
103.035
103.078
103.115
103.143
103.153
103.138
103.101
103.05
102.987
102.909
102.812
102.692
102.553
102.399
102.231
102.046
101.845
101.629
101.404
100
100
100
100
100
100
100
100
100
100
100
100
100
100
100
100
100
100
100
100
100
100
100
100
100
100
100
100
100.107
100.235
100.339
100.421
100.478
100.507
100.504
100.471
100.416
100.35
100.28
100.201
100.109
100.001
100
100
100
100
100
100
100
100
100
100
100
100
100
100
100
100
100
100
100
100
100
100
100
100
100
100
100
100
100
100
100
100
100
100
100
100
100
100
100
100
100
100
100
100
100
100
100
100
100
100
100
100
100
100
100
100
100
100
100
100
100
100
100
100
100
100
100
100
100
100
100
100
100
100
100
100
100
100
100
100
100
100
100
100
100
100
100
100
100
100
100
100
100
100
100
100
100
100
100
100
100
100
100
100
100
100
100
100
100
100
100
100
100
100
100
100
100
100
100
100
100
100
100
100
100
100
100
100
100
100
100
100
100
100
100
100
100
100
100
100
100
100
100
100
100
100
100
100
100
100
100
100
100
100
100
100
100
100
100
100
100
100
100
100
100
100
100
100
100
100
100
100
100
100
100
100
100
100
100
100
100
100
100
100
100
100
100
100
100
100
100
100
100
100
100
100
100
100
100
100
100
100
100
100
100
100
100
100
100
100
100
100
100
100
100
100
100
100
100
100
100
100
100
100
100
100
100
100
100
100
100
100
100
100
100
100
100
100
100
100
100
100
100
100
100
100
100
100
100
100
100
100
100
100
100
100
100
100
100
100
100
100
100
100
100
100
100
100
100
100
100
100
100
100
100
100
100
100
100
100
100
100
100
100
100
100
100
100
100
100
100
100
100
100
100
100
100
100
100
100
100
100
100
100
100
100
100
100
100
100
100
100
100
100
100
100
100
100
100
100
100
100
100
100
100
100
100
100
100
100
100
100
100
100
100
100
100
100
100
100
100
100
100
100
100
100
100
100
100
100
100
100
100
100
100
100
100
100
100
100
100
100
100
100
100
100
100
100
100
100
100
100
100
100
100
100
100
100
100
100
100
100
100
100
100
100
100
100
100
100
100
100
100
100
100
100
100
100
100
100
100
100
100
100
100
100
100
100
100
100
100
100
100
100
100
100
100
100
100
100
100
100
100
100
100
100
100
100
100
100
100
100
100
100
100
100
100
100
100
100
100
100
100
100
100
100
100
100
100
100
100
100
100
100
100
100
100
100
100
100
100
100
100
100
100
100
100
100
100
100
100
100
100
100
100
100
100
100
100
100
100
100
100
100
100
100
100
100
100
100
100
100
100
100
100
100
100
100
100
100
100
100
100
100
100
100
100
100
100
100
100
100
100
100
100
100
100
100
100
100
100
100
100
100
100
100
100
100
100
100
100
100
100
100
100
100
100
100
100
100
100
100
100
100
100
100
100
100
100
100
100
100
100
100
100
100
100
100
100
100
100
100
100
100
100
100
100
100
100
100
100
100
100
100
100
100
100
100
100
100
100
100
100
100
100
100
100
100
100
100
100
100
100
100
100
100
100
100
100
100
100
100
100
100
100
100
100
100
100
100
100
100
100
100
100
100
100
100
100
100
100
100
100
100
100
100
100
100
100
100
100
100
100
100
100
100
100
100
100
100
100
100
100
100
100
100
100
100
100
100
100
100
100
100
100
100
100
100
100
100
100
100
100
100
100
100
100
100
100
100
100
100
100
100
100
100
100
100
100
100
100
100
100
100
100
100
100
100
100
100
100
100
100
100
100
100
100
100
100
100
100
100
100
100
100
100
100
100
100
100
100
100
100
100
100
100
100
100
100
100
100
100
100
100
100
100
100
100
100
100
100
100
100
100
100
100
100
100
100
100
100
100
100
100
100
100
100
100
100
100
100
100
100
100
100
100
100
100
100
100
100
100
100
100
100
100
100
100
100
100
100
100
100
100
100
100
100
100
100
100
100
100
100
100
100
100
100
100
100
100
100
100
100
100
100
100
100
100
100
100
100
100
100
100
100
100
100
100
100
100
100
100
100
100
100
100
100
100
100
100
100
100
100
100
100
100
100
100
100
100
100
100
100
100
100
100
100
100
100
100
100
100
100
100
100
100
100
100
100
100
100
100
100
100
100
100
100
100
100
100
100
100
100
100
100
100
100
100
100
100
100
100
100
100
100
100
100
100
100
100
100
100
100
100
100
100
100
100
100
100
100
100
100
100
100
100
100
100
100
100
100
100
100
100
100
100
100
100
100
100
100
100
100
100
100
100
100
100
100
100
100
100
100
100
100
100
100
100
100
100
100
100
100
100
100
100
100
100
100
100
100
100
100
100
100
100
100
100
100
100
100
100
100
100
100
100
100
100
100
100
100
100
100
100
100
100
100
100
100
100
100
100
100
100
100
100
100
100
100
100
100
100
100
100
100
100
100
100
100
100
100
100
100
100
100
100
100
100
100
100
100
100
100
100
100
100
100
100
100
100
100
100
100
100
100
100
100
100
100
100
100
100
100
100
100
100
100
100
100
100
100
100
100
100
100
100
100
100
100
100
100
100
100
100
100
100
100
100
100
100
100
100
100
100
100
100
100
100
100
100
100
100
100
100
100
100
100
100
100
100
100
100
100
100
100
100
100
100
100
100
100
100
100
100
100
100
100
100
100
100
100
100
100
100
100
100
100
100
100
100
100
100
100
100
100
100
100
100
100
100
100
100
100
100
100
100
100
100
100
100
100
100
100
100
100
100
100
100
100
100
100
100
100
100
100
100
100
100
100
100
100
100
100
100
100
100
100
100
100
100
100
100
100
100
100
100
100
100
100
100
100
100
100
100
100
100
100
100
100
100
100
100
100
100
100
100
100
100
100
100
100
100
100
100
100
100
100
100
100
100
100
100
100
100
100
100
100
100
100
100
100
100
100
100
100
100
100
100
100
100
100
100
100
100
100
100
100
100
100
100
100
100
100
100
100
100
100
100
100
100
100
100
100
100
100
100
100
100
100
100
100
100
100
100
100
100
100
100
100
100
100
100
100
100
100
100
100
100
100
100
100
100
100
100
100
100
100
100
100
100
100
100
100
100
100
100
100
100
100
100
100
100
100
100
100
100
100
100
100
100
100
100
100
100
100
100
100
100
100
100
100
100
100
100
100
100
100
100
100
100
100
100
100
100
100
100
100
100
100
100
100
100
100
100
100
100
100
100
100
100
100
100
100
100
100
100
100
100
100
100
100
100
100
100
100
100
100
100
100
100
100
100
100
100
100
100
100
100
100
100
100
100
100
100
100
100
100
100
100
100
100
100
100
100
100
100
100
100
100
100
100
100
100
100
100
100
100
100
100
100
100
100
100
100
100
100
100
100
100
100
100
100
100
100
100
100
100
100
100
100
100
100
100
100
100
100
100
100
100
100
100
100
100
100
100
100
100
100
100
100
100
100
100
100
100
100
100
100
100
100
100
100
100
100
100
100
100
100
100
100
100
100
100
100
100
100
100
100
100
100
100
100
100
100
100
100
100
100
100
100
100
100
100
100
100
100
100
100
100
100
100
100
100
100
100
100
100
100
100
100
100
100
100
100
100
100
100
100
100
100
100
100
100
100
100
100
100
100
100
100
100
100
100
100
100
100
100
100
100
100
100
100
100
100
100
100
100
100
100
100
100
100
100
100
100
100
100
100
100
100
100
100
100
100
100
100
100
100
100
100
100
100
100
100
100
100
100
100
100
100
100
100
100
100
100
100
100
100
100
100
100
100
100
100
100
100
100
100
100
100
100
100
100
100
100
100
100
100
100
100
100
100
100
100
100
100
100
100
100
100
100
100
100
100
100
100
100
100
100
100
100
100
100
100
100
100
100
100
100
100
100
100
100
100
100
100
100
100
100
100
100
100
100
100
100
100
100
100
100
100
100
100
100
100
100
100
100
100
100
100
100
100
100
100
100
100
100
100
100
100
100
100
100
100
100
100
100
100
100
100
100
100
100
100
100
100
100
100
100
100
100
100
100
100
100
100
100
100
100
100
100
100
100
100
100
100
100
100
100
100
100
100
100
100
100
100
100
100
100
100
100
100
100
100
100
100
100
100
100
100
100
100
100
100
100
100
100
100
100
100
100
100
100
100
100
100
100
100
100
100
100
100
100
100
100
100
100
100
100
100
100
100
100
100
100
100
100
100
100
100
100
100
100
100
100
100
100
100
100
100
100
100
100
100
100
100
100
100
100
100
100
100
100
100
100
100
100
100
100
100
100
100
100
100
100
100
100
100
100
100
100
100
100
100
100
100
100
100
100
100
100
100
100
100
100
100
100
100
100
100
100
100
100
100
100
100
100
100
100
100
100
100
100
100
100
100
100
100
100
100
100
100
100
100
100
100
100
100
100
100
100
100
100
100
100
100
100
100
100
100
100
100
100
100
100
100
100
100
100
100
100
100
100
100
100
100
100
100
100
100
100
100
100
100
100
100
100
100
100
100
100
100
100
100
100
100
100
100
100
100
100
100
100
100
100
100
100
100
100
100
100
100
100
100
100
100
100
100
100
100
100
100
100
100
100
100
100
100
100
100
100
100
100
100
100
100
100
100
100
100
100
100
100
100
100
100
100
100
100
100
100
100
100
100
100
100
100
100
100
100
100
100
100
100
100
100
100
100
100
100
100
100
100
100
100
100
100
100
100
100
100
100
100
100
100
100
100
100
100
100
100
100
100
100
100
100
100
100
100
100
100
100
100
100
100
100
100
100
100
100
100
100
100
100
100
100
100
100
100
100
100
100
100
100
100
100
100
100
100
100
100
100
100
100
100
100
100
100
100
100
100
100
100
100
100
100
100
100
100
100
100
100
100
100
100
100
100
100
100
100
100
100
100
100
100
100
100
100
100
100
100
100
100
100
100
100
100
100
100
100
100
100
100
100
100
100
100
100
100
100
100
100
100
100
100
100
100
100
100
100
100
100
100
100
100
100
100
100
100
100
100
100
100
100
100
100
100
100
100
100
100
100
100
100
100
100
100
100
100
100
100
100
100
100
100
100
100
100
100
100
100
100
100
100
100
100
100
100
100
100
100
100
100
100
100
100
100
100
100
100
100
100
100
100
100
100
100
100
100
100
100
100
100
100
100
100
100
100
100
100
100
100
100
100
100
100
100
100
100
100
100
100
100
100
100
100
100
100
100
100
100
100
100
100
100
100
100
100
100
100
100
100
100
100
100
100
100
100
100
100
100
100
100
100
100
100
100
100
100
100
100
100
100
100
100
100
100
100
100
100
100
100
100
100
100
100
100
100
100
100
100
100
100
100
100
100
100
100
100
100
100
100
100
100
100
100
100
100
100
100
100
100
100
100
100
100
100
100
100
100
100
100
100
100
100
100
100
100
100
100
100
100
100
100
100
100
100
100
100
100
100
100
100
100
100
100
100
100
100
100
100
100
100
100
100
100
100
100
100
100
100
100
100
100
100
100
100
100
100
100
100
100
100
100
100
100
100
100
100
100
100
100
100
100
100
100
100
100
100
100
100
100
100
100
100
100
100
100
100
100
100
100
100
100
100
100
100
100
100
100
100
100
100
100
100
100
100
100
100
100
100
100
100
100
100
100
100
100
100
100
100
100
100
100
100
100
100
100
100
100
100
100
100
100
100
100
100
100
100
100
100
100
100
100
100
100
100
100
100
100
100
100
100
100
100
100
100
100
100
100
100
100
100
100
100
100
100
100
100
100
100
100
100
100
100
100
100
100
100
100
100
100
100
100
100
100
100
100
100
100
100
100
100
100
100
100
100
100
100
100
100
100
100
100
100
100
100
100
100
100
100
100
100
100
100
100
100
100
100
100
100
100
100
100
100
100
100
100
100
100
100
100
100
100
100
100
100
100
100
100
100
100
100
100
100
100
100
100
100
100
100
100
100
100
100
100
100
100
100
100
100
100
100
100
100
100
100
100
100
100
100
100
100
100
100
100
100
100
100
100
100
100
100
100
100
100
100
100
100
100
100
100
100
100
100
100
100
100
100
100
100
100
100
100
100
100
100
100
100
100
100
100
100
100
100
100
100
100
100
100
100
100
100
100
100
100
100
100
100
100
100
100
100
100
100
100
100
100
100
100
100
100
100
100
100
100
100
100
100
100
100
100
100
100
100
100
100
100
100
100
100
100
100
100
100
100
100
100
100
100
100
100
100
100
100
100
100
100
100
100
100
100
100
100
100
100
100
100
100
100
100
100
100
100
100
100
100
100
100
100
100
100
100
100
100
100
100
100
100
100
100
100
100
100
100
100
100
100
100
100
100
100
100
100
100
100
100
100
100
100
100
100
100
100
100
100
100
100
100
100
100
100
100
100
100
100
100
100
100
100
100
100
100
100
100
100
100
100
100
100
100
100
100
100
100
100
100
100
100
100
100
100
100
100
100
100
100
100
100
100
100
100
100
100
100
100
100
100
100
100
100
100
100
100
100
100
100
100
100
100
100
100
100
100
100
100
100
100
100
100
100
100
100
100
100
100
100
100
100
100
100
100
100
100
100
100
100
100
100
100
100
100
100
100
100
100
100
100
100
100
100
100
100
100
100
100
100
100
100
100
100
100
100
100
100
100
100
100
100
100
100
100
100
100
100
100
100
100
100
100
100
100
100
100
100
100
100
100
100
100
100
100
100
100
100
100
100
100
100
100
100
100
100
100
100
100
100
100
100
100
100
100
100
100
100
100
100
100
100
100
100
100
100
100
100
100
100
100
100
100
100
100
100
100
100
100
100
100
100
100
100
100
100
100
100
100
100
100
100
100
100
100
100
100
100
100
100
100
100
100
100
100
100
100
100
100
100
100
100
100
100
100
100
100
100
100
100
100
100
100
100
100
100
100
100
100
100
100
100
100
100
100
100
100
100
100
100
100
100
100
100
100
100
100
100
100
100
100
100
100
100
100
100
100
100
100
100
100
100
100
100
100
100
100
100
100
100
100
100
100
100
100
100
100
100
100
100
100
100
100
100
100
100
100
100
100
100
100
100
100
100
100
100
100
100
100
100
100
100
100
100
100
100
100
100
100
100
100
100
100
100
100
100
100
100
100
100
100
100
100
100
100
100
100
100
100
100
100
100
100
100
100
100
100
100
100
100
100
100
100
100
100
100
100
100
100
100
100
100
100
100
100
100
100
100
100
100
100
100
100
100
100
100
100
100
100
100
100
100
100
100
100
100
100
100
100
100
100
100
100
100
100
100
100
100
100
100
100
100
100
100
100
100
100
100
100
100
100
100
100
100
100
100
100
100
100
100
100
100
100
100
100
100
100
100
100
100
100
100
100
100
100
100
100
100
100
100
100
100
100
100
100
100
100
100
100
100
100
100
100
100
100
100
100
100
100
100
100
100
100
100
100
100
100
100
100
100
100
100
100
100
100
100
100
100
100
100
100
100
100
100
100
100
100
100
100
100
100
100
100
100
100
100
100
100
100
100
100
100
100
100
100
100
100
100
100
100
100
100
100
100
100
100
100
100
100
100
100
100
100
100
100
100
100
100
100
100
100
100
100
100
100
100
100
100
100
100
100
100
100
100
100
100
100
100
100
100
100
100
100
100
100
100
100
100
100
100
100
100
100
100
100
100
100
100
100
100
100
100
100
100
100
100
100
100
100
100
100
100
100
100
100
100
100
100
100
100
100
100
100
100
100
100
100
100
100
100
100
100
100
100
100
100
100
100
100
100
100
100
100
100
100
100
100
100
100
100
100
100
100
100
100
100
100
100
100
100
100
100
100
100
100
100
100
100
100
100
100
100
100
100
100
100
100
100
100
100
100
100
100
100
100
100
100
100
100
100
100
100
100
100
100
100
100
100
100
100
100
100
100
100
100
100
100
100
100
100
100
100
100
100
100
100
100
100
100
100
100
100
100
100
100
100
100
100
100
100
100
100
100
100
100
100
100
100
100
100
100
100
100
100
100
100
100
100
100
100
100
100
100
100
100
100
100
100
100
100
100
100
100
100
100
100
100
100
100
100
100
100
100
100
100
100
100
100
100
100
100
100
100
100
100
100
100
100
100
100
100
100
100
100
100
100
100
100
100
100
100
100
100
100
100
100
100
100
100
100
100
100
100
100
100
100
100
100
100
100
100
100
100
100
100
100
100
100
100
100
100
100
100
100
100
100
100
100
100
100
100
100
100
100
100
100
100
100
100
100
100
100
100
100
100
100
100
100
100
100
100
100
100
100
100
100
100
100
100
100
100
100
100
100
100
100
100
100
100
100
100
100
100
100
100
100
100
100
100
100
100
100
100
100
100
100
100
100
100
100
100
100
100
100
100
100
100
100
100
100
100
100
100
100
100
100
100
100
100
100
100
100
100
100
100
100
100
100
100
100
100
100
100
100
100
100
100
100
100
100
100
100
100
100
100
100
100
100
100
100
100
100
100
100
100
100
100
100
100
100
100
100
100
100
100
100
100
100
100
100
100
100
100
100
100
100
100
100
100
100
100
100
100
100
100
100
100
100
100
100
100
100
100
100
100
100
100
100
100
100
100
100
100
100
100
100
100
100
100
100
100
100
100
100
100
100
100
100
100
100
100
100
100
100
100
100
100
100
100
100
100
100
100
100
100
100
100
100
100
100
100
100
100
100
100
100
100
100
100
100
100
100
100
100
100
100
100
100
100
100
100
100
100
100
100
100
100
100
100
100
100
100
100
100
100
100
100
100
100
100
100
100
100
100
100
100
100
100
100
100
100
100
100
100
100
100
100
100
100
100
100
100
100
100
100
100
100
100
100
100
100
100
100
100
100
100
100
100
100
100
100
100
100
100
100
100
100
100
100
100
100
100
100
100
100
100
100
100
100
100
100
100
100
100
100
100
100
100
100
100
100
100
100
100
100
100
100
100
100
100
100
100
100
100
100
100
100
100
100
100
100
100
100
100
100
100
100
100
100
100
100
100
100
100
100
100
100
100
100
100
100
100
100
100
100
100
100
100
100
100
100
100
100
100
100
100
100
100
100
100
100
100
100
100
100
100
100
100
100
100
100
100
100
100
100
100
100
100
100
100
100
100
100
100
100
100
100
100
100
100
100
100
100
100
100
100
100
100
100
100
100
100
100
100
100
100
100
100
100
100
100
100
100
100
100
100
100
100
100
100
100
100
100
100
100
100
100
100
100
100
100
100
100
100
100
100
100
100
100
100
100
100
100
100
100
100
100
100
100
100
100
100
100
100
100
100
100
100
100
100
100
100
100
100
100
100
100
100
100
100
100
100
100
100
100
100
100
100
100
100
100
100
100
100
100
100
100
100
100
100
100
100
100
100
100
100
100
100
100
100
100
100
100
100
100
100
100
100
100
100
100
100
100
100
100
100
100
100
100
100
100
100
100
100
100
100
100
100
100
100
100
100
100
100
100
100
100
100
100
100
100
100
100
100
100
100
100
100
100
100
100
100
100
100
100
100
100
100
100
100
100
100
100
100
100
100
100
100
100
100
100
100
100
100
100
100
100
100
100
100
100
100
100
100
100
100
100
100
100
100
100
100
100
100
100
100
100
100
100
100
100
100
100
100
100
100
100
100
100
100
100
100
100
100
100
100
100
100
100
100
100
100
100
100
100
100
100
100
100
100
100
100
100
100
100
100
100
100
100
100
100
100
100
100
100
100
100
100
100
100
100
100
100
100
100
100
100
100
100
100
100
100
100
100
100
100
100
100
100
100
100
100
100
100
100
100
100
100
100
100
100
100
100
100
100
100
100
100
100
100
100
100
100
100
100
100
100
100
100
100
100
100
100
100
100
100
100
100
100
100
100
100
100
100
100
100
100
100
100
100
100
100
100
100
100
100
100
100
100
100
100
100
100
100
100
100
100
100
100
100
100
100
100
100
100
100
100
100
100
100
100
100
100
100
100
100
100
100
100
100
100
100
100
100
100
100
100
100
100
100
100
100
100
100
100
100
100
100
100
100
100
100
100
100
100
100
100
100
100
100
100
100
100
100
100
100
100
100
100
100
100
100
100
100
100
100
100
100
100
100
100
100
100
100
100
100
100
100
100
100
100
100
100
100
100
100
100
100
100
100
100
100
100
100
100
100
100
100
100
100
100
100
100
100
100
100
100
100
100
100
100
100
100
100
100
100
100
100
100
100
100
100
100
100
100
100
100
100
100
100
100
100
100
100
100
100
100
100
100
100
100
100
100
100
100
100
100
100
100
100
100
100
100
100
100
100
100
100
100
100
100
100
100
100
100
100
100
100
100
100
100
100
100
100
100
100
100
100
100
100
100
100
100
100
100
100
100
100
100
100
100
100
100
100
100
100
100
100
100
100
100
100
100
100
100
100
100
100
100
100
100
100
100
100
100
100
100
100
100
100
100
100
100
100
100
100
100
100
100
100
100
100
100
100
100
100
100
100
100
100
100
100
100
100
100
100
100
100
100
100
100
100
100
100
100
100
100
100
100
100
100
100
100
100
100
100
100
100
100
100
100
100
100
100
100
100
100
100
100
100
100
100
100
100
100
100
100
100
100
100
100
100
100
100
100
100
100
100
100
100
100
100
100
100
100
100
100
100
100
100
100
100
100
100
100
100
100
100
100
100
100
100
100
100
100
100
100
100
100
100
100
100
100
100
100
100
100
100
100
100
100
100
100
100
100
100
100
100
100
100
100
100
100
100
100
100
100
100
100
100
100
100
100
100
100
100
100
100
100
100
100
100
100
100
100
100
100
100
100
100
100
100
100
100
100
100
100
100
100
100
100
100
100
100
100
100
100
100
100
100
100
100
100
100
100
100
100
100
100
100
100
100
100
100
100
100
100
100
100
100
100
100
100
100
100
100
100
100
100
100
100
100
100
100
100
100
100
100
100
100
100
100
100
100
100
100
100
100
100
100
100
100
100
100
100
100
100
100
100
100
100
100
100
100
100
100
100
100
100
100
100
100
100
100
100
100
100
100
100
100
100
100
100
100
100
100
100
100
100
100
100
100
100
100
100
100
100
100
100
100
100
100
100
100
100
100
100
100
100
100
100
100
100
100
100
100
100
100
100
100
100
100
100
100
100
100
100
100
100
100
100
100
100
100
100
100
100
100
100
100
100
100
100
100
100
100
100
100
100
100
100
100
100
100
100
100
100
100
100
100
100
100
100
100
100
100
100
100
100
100
100
100
100
100
100
100
100
100
100
100
100
100
100
100
100
100
100
100
100
100
100
100
100
100
100
100
100
100
100
100
100
100
100
100
100
100
100
100
100
100
100
100
100
100
100
100
100
100
100
100
100
100
100
100
100
100
100
100
100
100
100
100
100
100
100
100
100
100
100
100
100
100
100
100
100
100
100
100
100
100
100
100
100
100
100
100
100
100
100
100
100
100
100
100
100
100
100
100
100
100
100
100
100
100
100
100
100
100
100
100
100
100
100
100
100
100
100
100
100
100
100
100
100
100
100
100
100
100
100
100
100
100
100
100
100
100
100
100
100
100
100
100
100
100
100
100
100
100
100
100
100
100
100
100
100
100
100
100
100
100
100
100
100
100
100
100
100
100
100
100
100
100
100
100
100
100
100
100
100
100
100
100
100
100
100
100
100
100
100
100
100
100
100
100
100
100
100
100
100
100
100
100
100
100
100
100
100
100
100
100
100
100
100
100
100
100
100
100
100
100
100
100
100
100
100
100
100
100
100
100
100
100
100
100
100
100
100
100
100
100
100
100
100
100
100
100
100
100
100
100
100
100
100
100
100
100
100
100
100
100
100
100
100
100
100
100
100
100
100
100
100
100
100
100
100
100
100
100
100
100
100
100
100
100
100
100
100
100
100
100
100
100
100
100
100
100
100
100
100
100
100
100
100
100
100
100
100
100
100
100
100
100
100
100
100
100
100
100
100
100
100
100
100
100
100
100
100
100
100
100
100
100
100
100
100
100
100
100
100
100
100
100
100
100
100
100
100
100
100
100
100
100
100
100
100
100
100
100
100
100
100
100
100
100
100
100
100
100
100
100
100
100
100
100
100
100
100
100
100
100
100
100
100
100
100
100
100
100
100
100
100
100
100
100
100
100
100
100
100
100
100
100
100
100
100
100
100
100
100
100
100
100
100
100
100
100
100
100
100
100
100
100
100
100
100
100
100
100
100
100
100
100
100
100
100
100
100
100
100
100
100
100
100
100
100
100
100
100
100
100
100
100
100
100
100
100
100
100
100
100
100
100
100
100
100
100
100
100
100
100
100
100
100
100
100
100
100
100
100
100
100
100
100
100
100
100
100
100
100
100
100
100
100
100
100
100
100
100
100
100
100
100
100
100
100
100
100
100
100
100
100
100
100
100
100
100
100
100
100
100
100
100
100
100
100
100
100
100
100
100
100
100
100
100
100
100
100
100
100
100
100
100
100
100
100
100
100
100
100
100
100
100
100
100
100
100
100
100
100
100
100
100
100
100
100
100
100
100
100
100
100
100
100
100
100
100
100
100
100
100
100
100
100
100
100
100
100
100
100
100
100
100
100
100
100
100
100
100
100
100
100
100
100
100
100.893
100
100
100
100
100
100
100
100.807
100.459
103.133
105.249
104.953
102.472
100
100
100
100
101.853
103.287
102.768
103.976
105.154
104.357
101.793
100
100
100
102.61
105.475
106.897
106.801
105.506
104.063
103.618
101.901
100
100
101.525
103.86
106.016
107.466
107.99
107.653
106.708
105.47
104.347
100
100
100
100
100
100
100
100
100
100
100
101.71
102.69
100.519
100
100
100
100
100
100
102.002
103.14
109.179
111.628
110.611
106.285
100
100
100
103.398
109.927
112.512
111.214
112.001
115.683
115.91
113.097
107.493
100
100
106.788
111.73
113.753
112.816
112.886
115.492
115.239
112.468
107.473
101.651
105.231
110.441
114.527
116.636
116.531
114.631
113.462
114.054
112.423
108.953
105.733
107.578
110.82
113.917
116.094
116.981
116.561
115.158
113.262
111.427
100
100.37
100
100
100
100
100
100
100
100
105.637
112.827
115.07
112.889
106.567
100
100
100
106.222
114.449
116.525
113.213
120.323
124.564
124.111
119.436
110.318
100
102.383
114.988
123.319
126.277
123.803
121.658
127.55
128.631
125.793
119.293
109.121
106.896
116.334
122.964
125.76
124.35
122.123
126.89
127.628
125.054
119.455
110.992
112.144
119.086
124.464
127.417
127.46
124.869
123.605
125.551
124.413
120.713
114.828
113.917
118.202
122.368
125.382
126.8
126.408
124.518
121.84
119.771
112.01
114.086
110.793
102.701
100
100
100
106.537
115.849
116.619
115.432
126.408
130.386
128.593
121.58
109.03
100
105.934
122.333
132.01
133.698
127.332
132.876
139.432
139.8
135.095
125.181
108.385
113.083
128.797
138.381
141.896
138.075
131.708
140.622
142.873
140.236
133.351
121.372
114.938
127.268
135.409
139.118
137.37
131.917
138.955
141.149
139.123
133.588
123.986
119.844
128.769
135.416
139.124
139.512
136.248
133.744
137.721
137.507
134.064
127.622
120.899
126.147
131.494
135.293
137.324
137.135
134.77
131.144
130.492
127.968
131.766
128.605
119.23
103.745
100
110.579
129.073
138.581
137.504
127.3
142.204
148.102
146.966
139.724
126.136
101.918
123.357
142.094
151.934
153.37
143.815
146.554
155.867
157.167
152.733
142.609
123.827
126.76
145.576
155.545
158.853
154.159
142.068
154.583
158.275
156.027
149.342
136.784
124.467
140.094
149.367
153.435
152.01
143.727
151.236
155.375
154.037
148.941
139.511
128.637
139.859
147.641
151.577
152.612
148.829
143.265
150.104
151.165
148.344
142.199
131.881
134.896
141.637
146.078
148.381
148.654
145.883
141.082
142.593
146.991
152.456
149.662
139.696
122.46
107.091
138.459
156.836
164.406
161.324
142.735
159.976
167.436
166.801
160.032
146.608
117.648
145.91
165.845
174.53
174.776
162.085
161.105
173.315
175.256
171.26
161.937
142.993
143.337
164.563
174.043
176.903
171.957
154.035
168.928
174.203
172.372
166.214
154.491
136.094
155.047
165.172
168.922
167.849
157.611
163.216
169.757
169.195
164.94
156.646
140.808
152.497
161.476
165.128
166.069
162.47
153.509
162.161
164.77
162.583
157.404
147.313
144.685
152.903
158.007
160.205
160.482
157.742
151.505
154.274
168.526
174.416
171.738
162.572
144.935
137.955
172.193
187.592
192.092
186.764
159.892
179.375
187.249
186.469
180.979
169.455
137.628
172.685
191.636
197.916
196.604
181.8
175.984
190.882
192.898
189.883
182.186
164.896
163.284
185.649
193.291
194.659
189.938
167.675
182.903
189.597
188.237
183.492
173.62
150.758
172.373
182.369
184.891
183.558
172.786
174.293
183.571
183.593
180.081
173.644
157.929
166.794
176.318
179.256
179.595
176.445
165.424
173.409
177.759
176.148
171.722
163.004
156.011
165.342
170.602
172.28
172.358
169.887
162.172
165.062
191.583
195.132
192.991
186.85
170.432
175.557
208.016
217.938
218.494
211.46
175.545
199.478
206.04
205.1
201.521
193.59
164.007
201.308
217.352
220.246
216.534
200.103
190.571
206.82
208.11
205.992
200.982
187.303
186.467
206.548
211.811
211.185
205.722
180.309
195.51
202.921
202.078
198.705
191.748
170.344
191.03
199.569
200.478
197.957
187.84
183.787
195.78
196.09
193.251
187.855
175.115
182.769
191.166
193.165
192.523
189.219
177.971
183.245
189.255
188.049
184.314
176.696
169.202
178.794
183.308
184.202
183.573
181.115
172.845
174.405
214.532
214.422
211.534
208.076
197.101
215.106
237.252
241.517
238.766
229.368
189.649
216.75
220.667
219.131
216.427
211.894
199.709
227.32
237.062
236.256
229.832
212.045
202.144
218.674
219.094
216.447
212.435
203.689
212.321
224.731
227.004
224.131
216.723
190.227
205.125
212.84
211.912
208.649
203.199
194.099
210.464
215.473
214.84
210.227
200.592
191.349
205.567
205.977
203.123
197.331
189.199
200.261
205.551
206.085
204.32
199.747
189.111
191.128
198.659
197.805
194.356
186.718
184.551
193.239
195.663
195.386
193.722
190.351
182.193
181.808
229.371
229.083
225.703
224.794
232.217
247.476
251.079
251.155
247.134
234.123
200.23
225.772
230.379
229.191
226.821
226.164
237.648
245.787
245.336
241.988
234.629
214.457
207.282
224.677
226.92
224.083
219.38
223.166
235.552
236.23
233.014
228.563
221.007
194.77
209.498
218.797
218.829
215.244
210.256
219.162
226.955
225.858
222.713
216.195
207.359
195.823
211.921
213.807
211.228
204.484
207.411
216.781
216.888
214.311
210.776
205.044
195.715
195.791
205.217
205.57
202.401
194.646
201.602
206.917
205.862
202.977
199.636
195.205
188.076
186.239
113.431
110.661
116.908
115.291
115.222
115.201
114.404
114.276
113.539
112.995
111.723
111.215
109.403
108.987
106.811
106.468
104.05
103.769
101.178
100.955
100
100
100
100
100
100
100
100
100
100
100
100
100
100
100
100
100
100
100
100
100
100
100
100
100
100
100
100
100
100
100
100
100
100
100
100
100
100
100
100
100
100
100
100
100
100
100
100
100
100
100
100
100
100
100
100
100
100
100
100
100
100
100
100
100
100
100
100
100
100
100
100
100
100
100
100
100
100
100
100
100
100
100
100
100
100
100
100
100
100
100
100
100
100
100
100
100
100
100
100
100
100
100
100
100
100
100
100
100
100
100
100
100
100
100
100
100
100
100
100
100
100
100
100
100
100
100
100
100
100
100
100
100
100
100
100
100
100
100
100
100
100
100
100
100
100
100
100
100
100
100
100
100
100
100
100
103.717
103.836
110.174
109.918
117.919
116.329
128.866
125.42
142.059
138.265
155.072
152.141
167.265
164.99
178.18
176.437
186.94
185.617
193.351
193.106
107.255
106.076
107.624
108.927
108.927
107.208
102.942
100.161
100
100
100
100
100
100
100
100
100
100
100
100
100
100
100
100
100
100
100
100
100
100
100
100
100
100
100
100
100
100
115.266
113.686
112.266
110.29
110.367
112.464
111.481
108.268
105.21
103.04
104.045
104.658
101.761
100
100
100
100
100
100
100
100
100
100
100
100
100
100
100
100
100
100
100
100
100
100
100
100
100
115.365
114.826
113.012
111.138
111.063
111.908
111.743
110.388
107.71
105.4
105.037
105.075
103.883
101.15
100
100
100
100
100
100
100
100
100
100
100
100
100
100
100
100
100
100
100
100
100
100
100
100
114.155
113.782
112.986
111.878
111.111
110.92
110.601
109.923
108.514
106.742
105.548
104.924
104.063
102.459
100.471
100
100
100
100
100
100
100
100
100
100
100
100
100
100
100
100
100
100
100
100
100
100
100
112.608
112.196
111.685
111.047
110.379
109.808
109.281
108.691
107.828
106.681
105.556
104.64
103.738
102.571
101.159
100
100
100
100
100
100
100
100
100
100
100
100
100
100
100
100
100
100
100
100
100
100
100
110.757
110.316
109.873
109.401
108.888
108.341
107.776
107.191
106.516
105.701
104.815
103.951
103.081
102.113
101.021
100
100
100
100
100
100
100
100
100
100
100
100
100
100
100
100
100
100
100
100
100
100
100
108.577
108.167
107.764
107.361
106.94
106.484
105.989
105.463
104.893
104.257
103.563
102.84
102.089
101.282
100.407
100
100
100
100
100
100
100
100
100
100
100
100
100
100
100
100
100
100
100
100
100
100
100
106.125
105.778
105.43
105.084
104.731
104.357
103.953
103.519
103.053
102.548
102.005
101.429
100.822
100.176
100
100
100
100
100
100
100
100
100
100
100
100
100
100
100
100
100
100
100
100
100
100
100
100
103.49
103.208
102.926
102.643
102.357
102.06
101.745
101.409
101.05
100.665
100.255
100
100
100
100
100
100
100
100
100
100
100
100
100
100
100
100
100
100
100
100
100
100
100
100
100
100
100
100.736
100.519
100.303
100.087
100
100
100
100
100
100
100
100
100
100
100
100
100
100
100
100
100
100
100
100
100
100
100
100
100
100
100
100
100
100
100
100
100
100
100
100
100
100
100
100
100
100
100
100
100
100
100
100
100
100
100
100
100
100
100
100
100
100
100
100
100
100
100
100
100
100
100
100
100
100
100
100
100
100
100
100
100
100
100
100
100
100
100
100
100
100
100
100
100
100
100
100
100
100
100
100
100
100
100
100
100
100
100
100
100
100
100
100
100
100
100
100
100
100
100
100
100
100
100
100
100
100
100
100
100
100
100
100
100
100
100
100
100
100
100
100
100
100
100
100
100
100
100
100
100
100
100
100
100
100
100
100
100
100
100
100
100
100
100
100
100
100
100
100
100
100
100
100
100
100
100
100
100
100
100
100
100
100
100
100
100
100
100
100
100
100
100
100
100
100
100
100
100
100
100
100
100
100
100
100
100
100
100
100
100
100
100
100
100
100
100
100
100
100
100
100
100
100
100
100
100
100
100
100
100
100
100
100
100
100
100
100
100
100
100
100
100
100
100
100
100
100
100
100
100
100
100
100
100
100
100
100
100
100
100
100
100
100
100
100
100
100
100
100
100
100
100
100
100
100
100
100
100
100
100
100
100
100
100
100
100
100
100
100
100
100
100
100
100
100
100
100
100
100
100
100
100
100
100
100
100
100
100
100
100
100
100
100
100
100
100
100
100
100
100
100
100
100
100
100
100
100
100
100
100
100
100
100
100
100
100
100
100
100
100
100
100
100
100
100
100
100
100
100
100
100
100
100
100
100
100
100
100
100
100
100
100
100
100
100
100
100
100
100
100
100
100
100
100
100
100
100
100
100
100
100
100
100
100
100
100
100
100
100
100
100
100
100
100
100
100
100
100
100
100
100
100
100
100
100
100
100
100
100
100
100
100
100
100
100
100
100
100
100
100
100
100
100
100
100
100
100
100
100
100
100
100
100
100
100
100
100
100
100
100
100
100
100
100
100
100
100
100
100
100
100
100
100
100
100
100
100
100
100
100
100
100
100
100
100
100
100
100
100
100
100
100
100
100
100
100
100
100
100
100
100
100
100
100
100
100
100
100
100.689
101.309
101.832
102.037
101.256
100
100
100
100
100
100
100
100
100
100
100
100
100
100
100
100
100
100
100
100
100
100
100
100
100
100
100
100
100
100
100
100
100.861
101.957
102.917
103.624
103.698
102.908
100
100
100
100
100
100
100
100
100
100
100
100
100
100
100
100
100
100
100
100
100
100
100
100
100
100
100
100
100
100
100
100.317
101.79
103.123
104.235
104.912
105.002
104.78
103.37
100
100
100
100
100
100
100
100
100
100
100
100
100
100
100
100
100
100
100
100
100
100
100
100
100
100
100
100
100
100
100.973
102.655
104.171
105.422
106.335
107.052
107.478
107.173
100
100
100
100
100
100
100
100
100
100
100
100
100
100
100
100
100
100
100
100
100
100
100
100
100
100
100
100
100
100
101.584
103.459
105.167
106.669
108.007
109.16
109.52
108.381
100
100
100
100
100
100
100
100
100
100
100
100
100
100
100
100
100
100
100
100
100
100
100
100
100
100
100
100
100
100
102.153
104.222
106.153
107.941
109.563
110.763
111.058
108.976
101.179
100
100
100
100
100
100
100
100
100
100
100
100
100
100
100
100
100
100
100
100
100
100
100
100
100
100
100
100
100.325
102.683
104.948
107.093
109.077
110.763
111.876
112.373
111.391
101.54
100
100
100
100
100
100
100
100
100
100
100
100
100
100
100
100
100
100
100
100
100
100
100
100
100
100
100
100
100.639
103.174
105.622
107.942
110.055
111.834
113.269
114.439
114.908
104.154
100
100
100
100
100
100
100
100
100
100
100
100
100
100
100
100
100
100
100
100
100
100
100
100
100
100
100
100
100.918
103.621
106.238
108.716
110.989
113.029
114.886
116.238
116.808
108.433
100
100
100
100
100
100
100
100
100
100
100
100
100
100
100
100
100
100
100
100
100
100
100
100
100
100
100
100
101.16
104.025
106.804
109.455
111.941
114.256
116.27
117.523
116.915
110.602
100
100
100
100
100
100
100
100
100
100
100
100
100
100
100
100
100
100
100
100
100
100
100
100
100
100
100
100
101.367
104.388
107.332
110.162
112.84
115.28
117.248
118.434
117.815
110.687
100
100
100
100
100
100
100
100
100
100
100
100
100
100
100
100
100
100
100
100
100
100
100
100
100
100
100
100
101.54
104.714
107.817
110.806
113.612
116.102
118.128
119.71
120.024
111.081
100
100
100
100
100
100
100
100
100
100
100
100
100
100
100
100
100
100
100
100
100
100
100
100
100
100
100
100
101.677
104.999
108.253
111.384
114.318
116.977
119.378
121.45
122.536
113.394
100
100
100
100
100
100
100
100
100
100
100
100
100
100
100
100
100
100
100
100
100
100
100
100
100
100
100
100
101.78
105.244
108.643
111.924
115.039
117.972
120.694
122.818
123.568
116.159
100
100
100
100
100
100
100
100
100
100
100
100
100
100
100
100
100
100
100
100
100
100
100
100
100
100
100
100
101.846
105.449
108.994
112.439
115.751
118.896
121.713
123.861
124.01
117.344
100
100
100
100
100
100
100
100
100
100
100
100
100
100
100
100
100
100
100
100
100
100
100
100
100
100
100
100
101.876
105.615
109.303
112.901
116.362
119.585
122.384
124.595
125.293
117.917
100
100
100
100
100
100
100
100
100
100
100
100
100
100
100
100
100
100
100
100
100
100
100
100
100
100
100
100
101.869
105.738
109.56
113.287
116.848
120.136
123.074
125.615
127.186
119.664
100
100
100
100
100
100
100
100
100
100
100
100
100
100
100
100
100
100
100
100
100
100
100
100
100
100
100
100
101.824
105.817
109.763
113.606
117.277
120.713
123.883
126.592
128.261
122.358
100
100
100
100
100
100
100
100
100
100
100
100
100
100
100
100
100
100
100
100
100
100
100
100
100
100
100
100
101.741
105.853
109.919
113.883
117.69
121.288
124.563
127.211
128.261
123.803
100
100
100
100
100
100
100
100
100
100
100
100
100
100
100
100
100
100
100
100
100
100
100
100
100
100
100
100
101.621
105.849
110.034
114.123
118.055
121.739
124.999
127.574
128.607
123.844
100
100
100
100
100
100
100
100
100
100
100
100
100
100
100
100
100
100
100
100
100
100
100
100
100
100
100
100
101.464
105.807
110.111
114.316
118.348
122.096
125.427
128.254
129.847
123.984
100
100
100
100
100
100
100
100
100
100
100
100
100
100
100
100
100
100
100
100
100
100
100
100
100
100
100
100
101.271
105.727
110.146
114.465
118.609
122.5
126.098
129.274
131.344
125.195
100
100
100
100
100
100
100
100
100
100
100
100
100
100
100
100
100
100
100
100
100
100
100
100
100
100
100
100
101.042
105.609
110.142
114.58
118.863
122.948
126.773
130.057
132.06
126.873
100
100
100
100
100
100
100
100
100
100
100
100
100
100
100
100
100
100
100
100
100
100
100
100
100
100
100
100
100.773
105.45
110.097
114.659
119.083
123.312
127.214
130.524
132.198
127.693
100
100
100
100
100
100
100
100
100
100
100
100
100
100
100
100
100
100
100
100
100
100
100
100
100
100
100
100
100.466
105.249
110.009
114.689
119.226
123.529
127.441
130.744
132.615
127.885
100
100
100
100
100
100
100
100
100
100
100
100
100
100
100
100
100
100
100
100
100
100
100
100
100
100
100
100
100.118
105.007
109.876
114.665
119.3
123.683
127.7
131.2
133.501
128.425
100
100
100
100
100
100
100
100
100
100
100
100
100
100
100
100
100
100
100
100
100
100
100
100
100
100
100
100
100
104.723
109.7
114.598
119.343
123.859
128.063
131.755
134.256
129.607
100
100
100
100
100
100
100
100
100
100
100
100
100
100
100
100
100
100
100
100
100
100
100
100
100
100
100
100
100
104.398
109.483
114.493
119.36
124.012
128.332
132.066
134.362
130.481
100
100
100
100
100
100
100
100
100
100
100
100
100
100
100
100
100
100
100
100
100
100
100
100
100
100
100
100
100
104.031
109.223
114.345
119.323
124.064
128.421
132.15
134.379
130.655
100
100
100
100
100
100
100
100
100
100
100
100
100
100
100
100
100
100
100
100
100
100
100
100
100
100
100
100
100
103.621
108.92
114.147
119.221
124.036
128.456
132.309
134.806
130.748
100
100
100
100
100
100
100
100
100
100
100
100
100
100
100
100
100
100
100
100
100
100
100
100
100
100
100
100
100
103.168
108.571
113.903
119.08
124.008
128.578
132.643
135.447
131.236
100
100
100
100
100
100
100
100
100
100
100
100
100
100
100
100
100
100
100
100
100
100
100
100
100
100
100
100
100
102.669
108.178
113.619
118.913
123.969
128.664
132.824
135.808
132.135
100
100
100
100
100
100
100
100
100
100
100
100
100
100
100
100
100
100
100
100
100
100
100
100
100
100
100
100
100
102.124
107.736
113.285
118.689
123.848
128.629
132.824
135.725
132.79
100
100
100
100
100
100
100
100
100
100
100
100
100
100
100
100
100
100
100
100
100
100
100
100
100
100
100
100
100
101.529
107.243
112.892
118.389
123.624
128.461
132.672
135.583
132.966
100
100
100
100
100
100
100
100
100
100
100
100
100
100
100
100
100
100
100
100
100
100
100
100
100
100
100
100
100
101.181
106.729
112.436
118.018
123.328
128.231
132.551
135.672
133.07
100
100
100
100
100
100
100
100
100
100
100
100
100
100
100
100
100
100
100
100
100
100
100
100
100
100
100
100
100
101.379
106.777
112.193
117.635
122.997
128.023
132.489
135.771
133.262
100
100
100
100
100
100
100
100
100
100
100
100
100
100
100
100
100
100
100
100
100
100
100
100
100
100
100
100
100
101.531
106.923
112.335
117.679
122.871
127.82
132.325
135.72
133.528
100
100
100
100
100
100
100
100
100
100
100
100
100
100
100
100
100
100
100
100
100
100
100
100
100
100
100
100
100
101.639
107.026
112.436
117.786
122.979
127.867
132.208
135.455
133.546
100
100
100
100
100
100
100
100
100
100
100
100
100
100
100
100
100
100
100
100
100
100
100
100
100
100
100
100
100
101.704
107.083
112.489
117.835
123.018
127.909
132.349
135.738
133.546
100
100
100
100
100
100
100
100
100
100
100
100
100
100
100
100
100
100
100
100
100
100
100
100
100
100
100
100
100
101.724
107.09
112.481
117.809
122.974
127.873
132.342
135.667
133.221
100
100
100
100
100
100
100
100
100
100
100
100
100
100
100
100
100
100
100
100
100
100
100
100
100
100
100
100
100
101.698
107.043
112.411
117.711
122.851
127.719
132.063
135.338
133.172
100
100
100
100
100
100
100
100
100
100
100
100
100
100
100
100
100
100
100
100
100
100
100
100
100
100
100
100
100
101.629
106.946
112.283
117.546
122.63
127.365
131.505
135.038
133.694
100
100
100
100
100
100
100
100
100
100
100
100
100
100
100
100
100
100
100
100
100
100
100
100
100
100
100
100
100
101.521
106.805
112.102
117.313
122.309
126.908
130.964
134.518
133.874
100
100
100
100
100
100
100
100
100
100
100
100
100
100
100
100
100
100
100
100
100
100
100
100
100
100
100
100
100
101.381
106.625
111.873
117.021
121.943
126.552
130.916
134.682
133.874
100
100
100
100
100
100
100
100
100
100
100
100
100
100
100
100
100
100
100
100
100
100
100
100
100
100
100
100
100
101.218
106.414
111.609
116.701
121.604
126.309
130.802
134.546
133.464
100
100
100
100
100
100
100
100
100
100
100
100
100
100
100
100
100
100
100
100
100
100
100
100
100
100
100
100
100
101.041
106.186
111.332
116.392
121.314
126.065
130.439
133.856
133.052
100
100
100
100
100
100
100
100
100
100
100
100
100
100
100
100
100
100
100
100
100
100
100
100
100
100
100
100
100
100.862
105.954
111.055
116.088
120.993
125.648
129.768
133.026
133.087
100
100
100
100
100
100
100
100
100
100
100
100
100
100
100
100
100
100
100
100
100
100
100
100
100
100
100
100
100
100.69
105.723
110.77
115.752
120.583
125.133
129.32
132.817
133.087
100
100
100
100
100
100
100
100
100
100
100
100
100
100
100
100
100
100
100
100
100
100
100
100
100
100
100
100
100
100.532
105.493
110.47
115.377
120.133
124.708
129.181
133.172
132.368
100
100
100
100
100
100
100
100
100
100
100
100
100
100
100
100
100
100
100
100
100
100
100
100
100
100
100
100
100
100.391
105.268
110.158
114.984
119.696
124.311
128.737
132.239
130.722
100
100
100
100
100
100
100
100
100
100
100
100
100
100
100
100
100
100
100
100
100
100
100
100
100
100
100
100
100
100.274
105.048
109.839
114.574
119.208
123.659
127.552
130.216
129.754
100
100
100
100
100
100
100
100
100
100
100
100
100
100
100
100
100
100
100
100
100
100
100
100
100
100
100
100
100
100.181
104.834
109.502
114.103
118.543
122.612
125.951
128.509
129.693
100
100
100
100
100
100
100
100
100
100
100
100
100
100
100
100
100
100
100
100
100
100
100
100
100
100
100
100
100
100.113
104.62
109.133
113.555
117.765
121.631
125.286
128.848
129.552
100
100
100
100
100
100
100
100
100
100
100
100
100
100
100
100
100
100
100
100
100
100
100
100
100
100
100
100
100
100.071
104.403
108.734
112.964
117.01
120.912
124.899
128.766
127.453
100
100
100
100
100
100
100
100
100
100
100
100
100
100
100
100
100
100
100
100
100
100
100
100
100
100
100
100
100
100.052
104.181
108.302
112.329
116.219
120.014
123.577
126.124
124.628
100
100
100
100
100
100
100
100
100
100
100
100
100
100
100
100
100
100
100
100
100
100
100
100
100
100
100
100
100
100.058
103.949
107.825
111.6
115.207
118.52
121.119
122.792
123.458
100
100
100
100
100
100
100
100
100
100
100
100
100
100
100
100
100
100
100
100
100
100
100
100
100
100
100
100
100
100.09
103.706
107.294
110.754
113.971
116.752
118.963
121.304
122.974
100
100
100
100
100
100
100
100
100
100
100
100
100
100
100
100
100
100
100
100
100
100
100
100
100
100
100
100
100
100.151
103.458
106.72
109.837
112.711
115.315
118.025
121.516
121.076
100
100
100
100
100
100
100
100
100
100
100
100
100
100
100
100
100
100
100
100
100
100
100
100
100
100
100
100
100
100.247
103.207
106.11
108.864
111.421
113.881
116.55
118.885
116.82
100
100
100
100
100
100
100
100
100
100
100
100
100
100
100
100
100
100
100
100
100
100
100
100
100
100
100
100
100
100.376
102.952
105.449
107.782
109.907
111.848
113.452
113.977
113.574
100
100
100
100
100
100
100
100
100
100
100
100
100
100
100
100
100
100
100
100
100
100
100
100
100
100
100
100
100
100.539
102.69
104.733
106.579
108.16
109.399
110.087
110.461
111.859
100
100
100
100
100
100
100
100
100
100
100
100
100
100
100
100
100
100
100
100
100
100
100
100
100
100
100
100
100
100.74
102.427
103.975
105.294
106.317
107.021
107.557
108.743
109.115
100
100
100
100
100
100
100
100
100
100
100
100
100
100
100
100
100
100
100
100
100
100
100
100
100
100
100
100
100
100.986
102.166
103.174
103.922
104.367
104.583
104.931
105.861
104.007
100
100
100
100
100
100
100
100
100
100
100
100
100
100
100
100
100
100
100
100
100
100
100
100
100
100
100
100
100.548
101.291
101.907
102.316
102.421
102.182
101.686
101.158
100.454
100
100
100
100
100
100
100
100
100
100
100
100
100
100
100
100
100
100
100
100
100
100
100
100
100
100
100.453
100.913
101.273
101.535
101.683
101.669
101.407
100.784
100
100
100
100
100
100
100
100
100
100
100
100
100
100
100
100
100
100
100
100
100
100
100
100
100.041
100.793
101.522
102.181
102.722
103.101
103.289
103.281
103.09
102.733
102.211
101.49
100.478
100
100
100
100
100
100
100
100
100.823
101.53
101.81
101.721
101.33
100.734
100.102
100
100
100
100.391
101.198
102.032
102.774
103.38
103.886
104.351
104.82
105.304
105.787
106.218
106.523
106.627
106.465
106.003
105.241
104.21
102.941
101.425
100
100
100
100
100
100
100
104.724
106.105
107.544
108.653
109.196
109.147
108.552
107.598
106.528
105.636
105.181
105.307
105.975
106.97
108.007
108.858
109.428
109.748
109.913
110.024
110.146
110.305
110.467
110.541
110.409
109.955
109.092
107.782
106.051
103.962
101.555
100
100
100
100
100
100
100
110.822
112.588
114.574
116.216
117.17
117.265
116.503
115.123
113.486
112.01
111.072
110.942
111.646
112.906
114.276
115.367
115.995
116.191
116.051
115.714
115.346
115.062
114.879
114.697
114.354
113.676
112.503
110.723
108.32
105.376
101.986
100
100
100
100
100
100
100
117.113
119.276
121.897
124.139
125.587
125.978
125.142
123.319
121.022
118.81
117.21
116.656
117.32
118.905
120.744
122.221
123.016
123.187
122.811
121.961
120.953
120.067
119.424
118.927
118.368
117.519
116.149
114.032
111.051
107.258
102.812
100
100
100
100
100
100
100
123.648
126.222
129.613
132.492
134.366
135.186
134.429
132.184
129.119
126.042
123.64
122.481
122.971
124.92
127.383
129.407
130.497
130.822
130.322
128.859
126.983
125.311
124.094
123.217
122.403
121.391
119.91
117.628
114.251
109.703
104.168
100
100
100
100
100
100
100
132.701
133.5
137.838
141.526
143.704
144.699
144.261
141.66
137.681
133.671
131.599
128.51
128.64
130.951
134.207
136.879
138.192
138.549
138.05
135.992
133.18
130.637
128.812
127.576
126.493
125.267
123.687
121.377
117.852
112.78
106.238
100
100
100
100
100
100
100
145.791
141.232
146.607
151.104
153.565
154.555
154.231
151.595
146.507
143.065
142.488
138.404
134.781
137.059
141.202
144.604
146.215
146.663
146.16
143.465
139.544
135.91
133.414
131.965
130.737
129.244
127.467
125.154
121.701
116.459
109.164
100.197
100
100
100
100
100
100
159.837
151.171
156.134
161.296
163.746
164.37
164.001
161.646
155.308
153.381
154.259
151.265
145.018
143.478
148.497
152.655
154.478
154.711
154.031
150.86
145.694
140.882
137.624
136.182
135.216
133.552
131.407
128.959
125.625
120.553
112.976
102.929
100
100
100
100
100
100
172.107
162.91
166.674
171.69
173.616
173.751
172.966
170.794
163.788
162.041
164.464
162.454
157.834
151.088
156.414
160.579
162.222
162.145
161.001
157.379
150.907
144.999
141.173
139.74
139.687
138.286
135.743
132.913
129.557
124.689
117.429
106.919
100
100
100
100
100
100
182.171
173.167
178.293
182.673
183.195
182.415
180.808
177.956
170.898
168.455
172.321
171.182
168.228
160.824
165.468
168.91
169.353
168.12
165.899
161.813
154.289
147.544
143.78
142.482
143.581
142.909
140.249
136.897
133.289
128.543
121.768
111.742
114.217
117.144
118.859
123.349
124.824
104.17
190.169
182.565
190.455
193.034
191.346
188.5
185.356
181.287
175.091
171.663
177.587
177.692
175.65
169.895
175.462
177.298
175.468
172.096
167.871
162.55
155.445
149.029
146.224
145.185
146.108
145.798
143.352
139.617
135.339
130.589
124.235
115.911
123.913
132.638
142.791
159.938
178.989
201.174
299.998
294.602
272.055
249.125
234.655
221.691
223.819
266.277
288.241
254.836
313.893
329.692
305.28
293.566
295.245
275.772
195.279
293.814
330.754
324.662
268.049
305.66
331.833
318.51
321.379
329.926
306.233
218.766
313.054
336.28
328.241
292.419
267.12
303.279
302.66
320.558
335.364
321.198
215.837
286.813
322.852
322.82
296.624
258.899
277.32
282.044
287.94
312.606
316.972
282.991
226.935
296.843
311.144
302.832
274.537
252.577
275.869
271.054
277.097
295.316
291.429
247.227
240.854
289.444
296.906
280.485
245.266
257.473
263.946
255.513
258.552
271.359
266.501
211.002
248.217
275.866
275.684
253.352
226.83
249.329
248.762
244.001
248.666
248.045
235.856
207.283
253.3
262.526
253.296
221.944
235.366
241.288
234.908
230.618
232.547
229.376
214.864
212.541
241.936
246.749
235.184
206.01
224.722
228.195
222.31
217.543
217.608
214.567
204.095
196.763
220.498
223.976
214.497
193.617
209.134
210.728
205.603
201.421
200.726
197.24
188.677
176.677
195.766
198.94
193.25
177.118
188.888
190.855
188.574
186.406
184.121
178.615
168.512
154.484
149.08
148.217
151.327
156.081
155.116
149
142.738
139.166
132.173
119.541
140.558
166.512
200.356
261.349
345.837
641.318
305.72
299.928
292.103
280
273.234
263.039
274.374
316.997
332.448
302.595
353.107
351.172
317.221
299.505
302.171
278.307
211.621
310.665
351.293
341.894
287.519
333.221
341.383
321.009
317.761
325.764
295.108
229.049
320.515
348.405
338.571
302.527
296.794
311.901
303.365
309.522
324.975
311.032
210.431
286.06
327.773
328.815
301.646
270.836
289.56
285.942
284.985
302.403
310.344
275.938
218.638
294.903
314.283
305.674
278.051
270.311
280.77
272.354
270.256
283.096
284.265
246.922
230.566
288.106
299.522
282.479
250.555
266.155
265.405
253.858
251.526
263.575
261.707
216.424
241.33
276.382
277.576
255.545
239.393
253.217
248.391
239.308
240.246
242.933
233.967
198.216
250.3
265.337
256.741
228.098
239.927
242.692
233.795
225.41
225.436
225.48
214.894
204.444
240.119
249.231
238.718
213.056
226.892
228.766
221.349
213.384
211.787
210.949
203.76
189.416
218.504
226.578
218.458
197.934
209.376
210.246
204.277
197.431
195.178
193.693
188.068
171.655
193.231
200.292
195.543
179.966
188.595
189.103
185.002
180.455
177.86
174.699
168.224
155.573
149.048
149.257
147.76
151.075
151.449
145.713
137.766
133.699
128.823
119.619
135.484
162.236
199.873
260.55
368.909
619.535
308.032
302.579
302.346
300.766
297.808
287.665
298.536
334.905
345.492
334.183
359.805
348.914
310.423
293.554
297.998
274.56
224.891
312.887
358.808
350.757
311.056
343.142
340.753
317.476
309.655
312.446
276.379
226.628
314.898
350.976
341.864
313.139
313.056
317.846
307.669
304.637
315.077
300.142
214.273
271.509
323.765
328.019
304.58
285.317
295.839
289.893
289.067
295.802
301.239
268.231
201.634
282.346
310.6
303.971
281.415
279.073
282.471
273.044
269.665
274.045
276.265
245.972
211.079
276.172
294.967
281.107
257.174
268.571
264.082
253.308
249.669
255.615
253.991
219.352
223.721
267.619
273.657
256.64
245.721
252.485
246.244
237.82
235.684
238.008
230.016
191.552
236.81
259.86
255.829
235.264
240.622
241.441
231.69
222.504
219.747
221.136
212.236
190.577
229.265
244.97
239.013
220.971
226.263
227.03
219.331
210.631
206.876
206.587
200.596
180.717
207.917
222.542
218.842
202.797
207.249
207.622
201.82
194.211
190.06
189.007
184.394
167.659
183.152
195.389
194.114
181.753
185.261
185.294
181.095
175.733
171.576
168.683
164.284
152.708
144.744
146.182
144.27
144.613
145.008
139.935
132.019
127.956
124.469
116.946
125.911
149.887
190.654
244.696
353.707
570.851
305.45
306.339
307.667
308.575
305.322
296.603
303.642
327.131
334.305
332.954
341.713
327.603
297.595
285.433
281.93
262.156
236.966
300.216
348.058
351.143
333.274
345.004
332.666
307.328
296.982
289.581
251.757
216.416
287.973
334.785
337.063
320.401
320.354
320.259
309.195
300.513
298.833
281.223
216.138
239.711
298.884
317.73
305.011
294.185
297.917
292.101
287.729
283.18
282.132
252.831
191.792
251.535
290.704
296.097
282.793
280.658
280.705
273.094
267.898
264.475
265.854
238.267
191.806
247.403
276.617
273.519
260.135
264.946
259.32
250.587
247.178
245.118
241.653
213.407
199.587
242.946
259.18
251.665
245.469
247.257
241.095
233.077
228.737
228.361
219.922
189.153
212.301
240.35
245.365
235.661
237.096
235.363
225.298
216.281
212.365
212.712
203.084
179.133
206.188
227.951
230.312
221.61
222.233
220.979
212.853
203.845
199.395
198.295
191.6
173.362
186.919
206.16
210.125
202.504
201.905
200.868
194.589
186.52
182.081
180.465
175.016
160.884
164.166
179.157
184.108
178.298
177.736
176.523
172.038
166.936
163.657
160.301
154.383
141.709
132.091
132.209
133.426
133.486
134.042
129.674
121.779
117.633
114.883
109.442
114.221
128.875
166.837
212.036
311.187
498.734
301.374
302.006
302.006
300.047
294.865
288.842
292.382
305.078
311.192
311.192
306.432
289.113
268.038
257.248
250.779
242.44
237.569
270.31
312.12
333.39
333.391
329.991
315.656
295.909
275.347
245.04
206.594
187.549
228.05
278.062
307.183
312.671
312.671
307.231
294.953
283.394
270.288
242.814
197.075
196.319
238.58
274.348
287.075
287.075
285.176
277.657
270.296
261.89
248.264
216.874
179.279
201.087
236.956
261.243
267.515
267.516
263.378
254.693
247.939
242.684
232.94
205.385
174.21
199.485
229.736
244.341
244.883
244.883
239.531
232.539
226.941
220.632
212.284
189.604
174.301
197.729
220.138
227.835
227.835
226.335
220.572
213.478
208.394
203.486
192.398
173.268
177.928
198.471
212.918
215.139
215.139
211.483
203.116
195.539
191.326
187.499
176.76
161.341
168.847
186.278
198.309
200.321
200.321
197.686
190.319
182.094
177.462
174.094
166.759
154.811
155.09
167.172
177.393
179.532
179.532
177.991
171.976
163.89
158.83
155.526
149.767
139.868
136.307
143.872
151.73
153.699
153.699
152.292
147.949
142.569
138.973
135.831
130.566
119.336
110.057
107.807
108.129
108.129
107.747
105.026
100.35
100
100
100
100
106.074
129.261
162.077
235.36
387.194
)
;

boundaryField
{
    inlet
    {
        type            extrapolatedCalculated;
        value           nonuniform List<scalar> 5(299.998 305.72 308.032 305.45 301.374);
    }
    source2
    {
        type            extrapolatedCalculated;
        value           nonuniform List<scalar> 2(113.431 110.661);
    }
    source3
    {
        type            extrapolatedCalculated;
        value           uniform 100;
    }
    outlet
    {
        type            extrapolatedCalculated;
        value           nonuniform List<scalar> 5(641.318 619.535 570.851 498.734 387.194);
    }
    frontAndBack
    {
        type            empty;
    }
    leftAndRight
    {
        type            extrapolatedCalculated;
        value           nonuniform List<scalar> 
196
(
100
100
100
100
100
100
100
100
100
100
100
100
100
100
100
100
100
100
100
100
100
100
100
100
100
100
100
100
100
100
100
100
100
100
100
100
100
100
100
100
100
100
100
100
100
100
100
100
100
100
100
100
100
100
100
100
100
100
100
100
100
100
100
100
100
100
100
100
100
100
100
100
100
100
100
100
100
100
100
100
100
100
100
100
100
100
100
100
100
100
100
100
100
100
100
100
100
100
100
100
100
100
100
100
100
100
100
100
100
100
100
100
100
100
100
100
100
100
100
100
100
100
100
100
101.179
101.54
104.154
108.433
110.602
110.687
111.081
113.394
116.159
117.344
117.917
119.664
122.358
123.803
123.844
123.984
125.195
126.873
127.693
127.885
128.425
129.607
130.481
130.655
130.748
131.236
132.135
132.79
132.966
133.07
133.262
133.528
133.546
133.546
133.221
133.172
133.694
133.874
133.874
133.464
133.052
133.087
133.087
132.368
130.722
129.754
129.693
129.552
127.453
124.628
123.458
122.974
121.076
116.82
113.574
111.859
109.115
104.007
100
100
100
100
100
100
100
100
100
100
100
100
104.17
201.174
)
;
    }
    topAndBottom
    {
        type            extrapolatedCalculated;
        value           nonuniform List<scalar> 
296
(
301.374
302.006
302.006
300.047
294.865
288.842
292.382
305.078
311.192
311.192
306.432
289.113
268.038
257.248
250.779
242.44
237.569
270.31
312.12
333.39
333.391
329.991
315.656
295.909
275.347
245.04
206.594
187.549
228.05
278.062
307.183
312.671
312.671
307.231
294.953
283.394
270.288
242.814
197.075
196.319
238.58
274.348
287.075
287.075
285.176
277.657
270.296
261.89
248.264
216.874
179.279
201.087
236.956
261.243
267.515
267.516
263.378
254.693
247.939
242.684
232.94
205.385
174.21
199.485
229.736
244.341
244.883
244.883
239.531
232.539
226.941
220.632
212.284
189.604
174.301
197.729
220.138
227.835
227.835
226.335
220.572
213.478
208.394
203.486
192.398
173.268
177.928
198.471
212.918
215.139
215.139
211.483
203.116
195.539
191.326
187.499
176.76
161.341
168.847
186.278
198.309
200.321
200.321
197.686
190.319
182.094
177.462
174.094
166.759
154.811
155.09
167.172
177.393
179.532
179.532
177.991
171.976
163.89
158.83
155.526
149.767
139.868
136.307
143.872
151.73
153.699
153.699
152.292
147.949
142.569
138.973
135.831
130.566
119.336
110.057
107.807
108.129
108.129
107.747
105.026
100.35
100
100
100
100
106.074
129.261
162.077
235.36
387.194
107.255
106.076
107.624
108.927
108.927
107.208
102.942
100.161
100
100
100
100
100
100
100
100
100
100
100
100
100
100
100
100
100
100
100
100
100
100
100
100
100
100
100
100
100
100
100
100
100
101.259
109.587
113.151
113.151
106.059
100
102.474
128.812
142.717
142.717
132.403
112.161
104.682
119.796
126.214
126.214
118.117
106.323
107.622
116.031
117.578
117.578
109.972
103.315
112.721
120.707
120.707
117.041
105.994
106.787
125.698
136.519
136.519
128.045
110.635
107.15
121.309
127.019
127.019
119.432
108.284
111.96
120.695
122.71
122.71
115.113
106.997
113.417
122.304
122.682
122.681
114.176
106.652
112.294
117.576
117.575
116.988
110.945
106.706
109.935
112.464
112.464
111.946
109.075
106.281
108.296
111.177
100
100
100
100
100
100
100
100
100
100
100
100
100
100
100
100
100
100
100
100
100
100
100
100
100
100
100
100
100
100
100
100
100
100
109.06
109.186
109.186
100
)
;
    }
}


// ************************************************************************* //
